<?xml version="1.0"?>
<opencv_storage>
<Camera_Matrix type_id="opencv-matrix">
  <rows>3</rows>
  <cols>3</cols>
  <dt>d</dt>
  <data>
    602.36987971 0. 341.98783426 0. 601.16806827 234.6262677 0.
    0. 1.</data></Camera_Matrix>
<Distortion_Coefficients type_id="opencv-matrix">
  <rows>1</rows>
  <cols>5</cols>
  <dt>d</dt>
  <data>
    -1.62378642e-01  2.54724797e-01
    -1.54196662e-03  2.06551071e-04
    -2.11447519e-01</data></Distortion_Coefficients>
</opencv_storage>
